train_auc: 0.7937641799761889
test_auc: 0.7581356932153392
train_rho: 0.3386006012553954
test_rho: 0.29650755778989407
