train_auc: 0.6963554727810861
test_auc: 0.6784390366914639
train_rho: 0.35980926958642157
test_rho: 0.3324758957984998
