train_auc: 0.5999746080111725
test_auc: 0.53242332322211
train_rho: 0.22247097429213064
test_rho: 0.07121619088275315
