train_auc: 0.6558477756119216
test_auc: 0.6329602935172164
train_rho: 0.309295998767755
test_rho: 0.2643651159566888
