train_auc: 0.7329605965690431
test_auc: 0.6057082452431289
train_rho: 0.47355796504584585
test_rho: 0.21603936529674592
