train_auc: 0.9854602091047849
test_auc: 0.588376016372587
train_rho: 0.9728830692301623
test_rho: 0.1794997128952819
