train_auc: 0.9205150915396989
test_auc: 0.6110434052163376
train_rho: 0.87527775304091
test_rho: 0.26403955448182004
