train_auc: 0.805754960447523
test_auc: 0.7414570554385418
train_rho: 0.35761598868471994
test_rho: 0.28034346518681785
