train_auc: 0.6942853103658272
test_auc: 0.6668018931710615
train_rho: 0.35434715509176246
test_rho: 0.30905776134674395
