train_auc: 0.6291972824031553
test_auc: 0.5517919580419581
train_rho: 0.2717124191825793
test_rho: 0.11018088832715812
