train_auc: 0.6521385741198182
test_auc: 0.6379253315843793
train_rho: 0.3021310054792306
test_rho: 0.27468254442672924
