train_auc: 0.728841939733915
test_auc: 0.6027714314942373
train_rho: 0.4652798264909044
test_rho: 0.20853842317035004
