train_auc: 0.9235682627446908
test_auc: 0.6057638743375224
train_rho: 0.8792741442718366
test_rho: 0.25583392871118776
