train_auc: 0.9941189660795825
test_auc: 0.5796130952380952
train_rho: 0.9896363626264577
test_rho: 0.1612803477574192
