train_auc: 0.8110389148185433
test_auc: 0.5925881216803477
train_rho: 0.6556499545787127
test_rho: 0.19541056262217069
