train_auc: 0.917967770622837
test_auc: 0.6342346388789077
train_rho: 0.8712213949305956
test_rho: 0.3029447096626901
