train_auc: 0.7216140447835698
test_auc: 0.6444879089615931
train_rho: 0.4531417881287092
test_rho: 0.297175451436008
