train_auc: 0.9227537262763101
test_auc: 0.6130689775910364
train_rho: 0.8760307055249918
test_rho: 0.26728979165081074
