train_auc: 0.9840711328884009
test_auc: 0.5890476190476189
train_rho: 0.9709454602076631
test_rho: 0.17861727176654976
