train_auc: 0.7213560830860534
test_auc: 0.6094117647058824
train_rho: 0.23536761866139078
test_rho: 0.11418995419642765
