train_auc: 0.9470720720720721
test_auc: 0.6793987865416437
train_rho: 0.8614679070342778
test_rho: 0.3460306968916471
