train_auc: 0.6634364080439279
test_auc: 0.6171194879089615
train_rho: 0.3297514382495453
test_rho: 0.2371579927759326
