train_auc: 0.6529426729986432
test_auc: 0.6387700534759359
train_rho: 0.3107323599277604
test_rho: 0.2789533711169917
